xi yc_m yt_m theta_rad xu_m yu_m xl_m yl_m
0 0 0 0.099668652 0 0 0 0
0.0125 0.0012304688 0.018939027 0.096573645 0.010673831 0.020081247 0.014326169 -0.017620309
0.025 0.002421875 0.026147199 0.093476781 0.022559402 0.028454921 0.027440598 -0.023611171
0.05 0.0046875 0.035546857 0.087277713 0.046901489 0.040099055 0.053098511 -0.030724055
0.075 0.006796875 0.041999035 0.081071913 0.071598787 0.048657963 0.078401213 -0.035064213
0.1 0.00875 0.046827704 0.074859848 0.096497758 0.055446554 0.10350224 -0.037946554
0.15 0.0121875 0.053451602 0.06241881 0.14666578 0.065535009 0.15333422 -0.041160009
0.2 0.015 0.05737543 0.049958396 0.19713481 0.072303845 0.20286519 -0.042303845
0.25 0.0171875 0.059412422 0.037482437 0.2477736 0.076558192 0.2522264 -0.042183192
0.3 0.01875 0.060017266 0.024994794 0.29850004 0.07874852 0.30149996 -0.04124852
0.4 0.02 0.058030108 0 0.4 0.078030108 0.4 -0.038030108
0.5 0.019444444 0.052940252 -0.011110654 0.50058819 0.072381429 0.49941181 -0.03349254
0.6 0.017777778 0.045633691 -0.022218565 0.60101383 0.063400205 0.59898617 -0.027844649
0.7 0.015 0.036639067 -0.033320996 0.70122062 0.051618729 0.69877938 -0.021618729
0.8 0.011111111 0.02623118 -0.044415215 0.80116468 0.037316422 0.79883532 -0.0150942
0.9 0.0061111111 0.014477173 -0.055498505 0.90080305 0.020565994 0.89919695 -0.0083437719
0.95 0.0031944444 0.0080655913 -0.061035207 0.95049198 0.011245017 0.94950802 -0.0048561282
1 0 0.00126 -0.066568164 1.0000838 0.0012572093 0.99991619 -0.0012572093
